01004,"CHEESE,BLUE",42.41,353,21.40,28.74,5.11,2.34,0.0,0.50,528,0.31,23,387,256,1395,2.66,0.040,0.009,14.5,0.0,0.029,0.382,1.016,1.729,0.166,36,0,36,36,15.4,1.22,763,198,192,0,74,0,0,0,0.25,0.5,21,2.4,18.669,7.778,0.800,75,28.35,"1 oz",17.30,"1 cubic inch",0
01005,"CHEESE,BRICK",41.11,371,23.24,29.68,3.18,2.79,0.0,0.51,674,0.43,24,451,136,560,2.60,0.024,0.012,14.5,0.0,0.014,0.351,0.118,0.288,0.065,20,0,20,20,15.4,1.26,1080,292,286,0,76,0,0,0,0.26,0.5,22,2.5,18.764,8.598,0.784,94,132.00,"1 cup, diced",113.00,"1 cup, shredded",0
01006,"CHEESE,BRIE",48.42,334,20.75,27.68,2.70,0.45,0.0,0.45,184,0.50,20,188,152,629,2.38,0.019,0.034,14.5,0.0,0.070,0.520,0.380,0.690,0.235,65,0,65,65,15.4,1.65,592,174,173,0,9,0,0,0,0.24,0.5,20,2.3,17.410,8.013,0.826,100,240.00,"1 cup, melted",144.00,"1 cup, sliced",0
01007,"CHEESE,CAMEMBERT",51.80,300,19.80,24.26,3.68,0.46,0.0,0.46,388,0.33,20,347,187,842,2.38,0.021,0.038,14.5,0.0,0.028,0.488,0.630,1.364,0.227,62,0,62,62,15.4,1.30,820,241,240,0,12,0,0,0,0.21,0.4,18,2.0,15.259,7.023,0.724,72,246.00,"1 cup",28.35,"1 oz",0
01008,"CHEESE,CARAWAY",39.28,376,25.18,29.20,3.28,3.06,0.0,,673,0.64,22,490,93,690,2.94,0.024,0.021,14.5,0.0,0.031,0.450,0.180,0.190,0.074,18,0,18,18,,0.27,1054,271,262,,,,,,,,,,18.584,8.275,0.830,93,28.35,"1 oz",,"",0
01009,"CHEESE,CHEDDAR",36.75,403,24.90,33.14,3.93,1.28,0.0,0.52,721,0.68,28,512,98,621,3.11,0.031,0.010,13.9,0.0,0.027,0.375,0.080,0.413,0.074,18,0,18,18,16.5,0.83,1002,265,258,0,85,0,0,0,0.29,0.6,24,2.8,21.092,9.391,0.942,105,132.00,"1 cup, diced",244.00,"1 cup, melted",0
01010,"CHEESE,CHESHIRE",37.65,387,23.37,30.60,3.60,4.78,0.0,,643,0.21,21,464,95,700,2.79,0.042,0.012,14.5,0.0,0.046,0.293,0.080,0.413,0.074,18,0,18,18,,0.83,985,233,220,,,,,,,,,,19.475,8.671,0.870,103,28.35,"1 oz",,"",0
01011,"CHEESE,COLBY",38.20,394,23.76,32.11,3.36,2.57,0.0,0.52,685,0.76,26,457,127,604,3.07,0.042,0.012,14.5,0.0,0.015,0.375,0.093,0.210,0.079,18,0,18,18,15.4,0.83,994,264,257,0,82,0,0,0,0.28,0.6,24,2.7,20.218,9.280,0.953,95,132.00,"1 cup, diced",113.00,"1 cup, shredded",0
01012,"CHEESE,COTTAGE,CRMD,LRG OR SML CURD",79.79,98,11.12,4.30,1.41,3.38,0.0,2.67,83,0.07,8,159,104,364,0.40,0.029,0.002,9.7,0.0,0.027,0.163,0.099,0.557,0.046,12,0,12,12,18.4,0.43,140,37,36,0,12,0,0,0,0.08,0.1,3,0.0,1.718,0.778,0.123,17,113.00,"4 oz",210.00,"1 cup, large curd (not packed)",0
01013,"CHEESE,COTTAGE,CRMD,W/FRUIT",79.64,97,10.69,3.85,1.20,4.61,0.2,2.38,53,0.16,7,113,90,344,0.33,0.040,0.003,7.7,1.4,0.033,0.142,0.150,0.181,0.068,11,0,11,11,17.5,0.53,146,38,37,0,14,0,0,0,0.04,0.0,0,0.4,2.311,1.036,0.124,13,226.00,"1 cup,  (not packed)",113.00,"4 oz",0
01014,"CHEESE,COTTAGE,NONFAT,UNCRMD,DRY,LRG OR SML CURD",81.01,72,10.34,0.29,1.71,6.66,0.0,1.85,86,0.15,11,190,137,330,0.47,0.030,0.022,9.4,0.0,0.023,0.226,0.144,0.446,0.016,9,0,9,9,17.9,0.46,8,2,2,0,0,0,0,0,0.01,0.0,0,0.0,0.169,0.079,0.003,7,145.00,"1 cup,  (not packed)",113.00,"4 oz",0
01015,"CHEESE,COTTAGE,LOWFAT,2% MILKFAT",80.69,86,11.83,2.45,1.36,3.66,0.0,3.67,91,0.15,7,163,84,330,0.41,0.030,0.007,9.9,0.0,0.041,0.198,0.108,0.253,0.022,10,0,10,10,16.3,0.45,74,20,19,0,6,0,0,0,0.04,0.0,0,0.0,0.979,0.443,0.070,10,226.00,"1 cup,  (not packed)",113.00,"4 oz",0
01016,"CHEESE,COTTAGE,LOWFAT,1% MILKFAT",82.48,72,12.39,1.02,1.39,2.72,0.0,2.72,61,0.14,5,134,86,406,0.38,0.028,0.003,9.0,0.0,0.021,0.165,0.128,0.215,0.068,12,0,12,12,17.5,0.63,41,11,11,0,3,0,0,0,0.01,0.0,0,0.1,0.645,0.291,0.031,4,226.00,"1 cup,  (not packed)",113.00,"4 oz",0
01017,"CHEESE,CREAM",54.44,342,5.93,34.24,1.32,4.07,0.0,3.21,98,0.38,9,106,138,321,0.51,0.019,0.011,2.4,0.0,0.020,0.125,0.145,0.570,0.035,11,0,11,11,27.2,0.25,1343,366,359,0,88,0,0,0,0.29,0.6,25,2.9,19.292,8.620,1.437,110,232.00,"1 cup",14.50,"1 tbsp",0
01018,"CHEESE,EDAM",41.56,357,24.99,27.80,4.22,1.43,0.0,1.43,731,0.44,30,536,188,965,3.75,0.036,0.011,14.5,0.0,0.037,0.389,0.082,0.281,0.076,16,0,16,16,15.4,1.54,825,243,242,0,11,0,0,0,0.24,0.5,20,2.3,17.572,8.125,0.665,89,28.35,"1 oz",198.00,"1 package,  (7 oz)",0
01019,"CHEESE,FETA",55.22,264,14.21,21.28,5.20,4.09,0.0,4.09,493,0.65,19,337,62,1116,2.88,0.032,0.028,15.0,0.0,0.154,0.844,0.991,0.967,0.424,32,0,32,32,15.4,1.69,422,125,125,0,3,0,0,0,0.18,0.4,16,1.8,14.946,4.623,0.591,89,150.00,"1 cup, crumbled",28.35,"1 oz",0
01020,"CHEESE,FONTINA",37.92,389,25.60,31.14,3.79,1.55,0.0,1.55,550,0.23,14,346,64,800,3.50,0.025,0.014,14.5,0.0,0.021,0.204,0.150,0.429,0.083,6,0,6,6,15.4,1.68,913,261,258,0,32,0,0,0,0.27,0.6,23,2.6,19.196,8.687,1.654,116,132.00,"1 cup, diced",108.00,"1 cup, shredded",0
01021,"CHEESE,GJETOST",13.44,466,9.65,29.51,4.75,42.65,0.0,,400,0.52,70,444,1409,600,1.14,0.080,0.040,14.5,0.0,0.315,1.382,0.813,3.351,0.271,5,0,5,5,,2.42,1113,334,334,,,,,,,,,,19.160,7.879,0.938,94,28.35,"1 oz",227.00,"1 package,  (8 oz)",0
01022,"CHEESE,GOUDA",41.46,356,24.94,27.44,3.94,2.22,0.0,2.22,700,0.24,29,546,121,819,3.90,0.036,0.011,14.5,0.0,0.030,0.334,0.063,0.340,0.080,21,0,21,21,15.4,1.54,563,165,164,0,10,0,0,0,0.24,0.5,20,2.3,17.614,7.747,0.657,114,28.35,"1 oz",198.00,"1 package,  (7 oz)",0
01077,"MILK,WHL,3.25% MILKFAT,W/ ADDED VITAMIN D",88.13,61,3.15,3.25,0.67,4.80,0.0,5.26,113,0.03,10,84,132,43,0.37,0.025,0.004,3.7,0.0,0.046,0.169,0.089,0.373,0.036,5,0,5,5,14.3,0.45,162,46,45,0,7,0,0,0,0.07,1.3,51,0.3,1.865,0.812,0.195,10,244.00,"1 cup",15.20,"1 tbsp",0
01078,"MILK,PRODUCER,FLUID,3.7% MILKFAT",87.69,64,3.28,3.66,0.72,4.65,0.0,,119,0.05,13,93,151,49,0.38,0.010,0.004,2.0,1.5,0.038,0.161,0.084,0.313,0.042,5,0,5,5,,0.36,138,33,31,,,,,,,,,,2.278,1.057,0.136,14,244.00,"1 cup",976.00,"1 quart",0
01088,"MILK,BTTRMLK,FLUID,CULTURED,LOWFAT",90.13,40,3.31,0.88,0.89,4.79,0.0,4.79,116,0.05,11,89,151,105,0.42,0.011,0.002,2.0,1.0,0.034,0.154,0.058,0.275,0.034,5,0,5,5,17.7,0.22,47,14,13,0,1,0,0,0,0.05,0.0,1,0.1,0.548,0.254,0.033,4,245.00,"1 cup",30.60,"1 fl oz",0
01128,"EGG,WHL,CKD,FRIED",69.13,196,13.62,15.31,1.05,0.90,0.0,0.83,59,1.98,13,208,147,204,1.20,0.111,0.041,34.2,0.0,0.075,0.518,0.077,1.558,0.155,51,0,51,51,272.6,1.39,729,198,193,0,46,10,0,358,1.22,1.3,54,5.6,4.294,6.346,2.660,457,46.00,"1 large",,"",0
01129,"EGG,WHL,CKD,HARD-BOILED",74.62,155,12.58,10.61,1.08,1.12,0.0,1.12,50,1.19,10,172,126,124,1.05,0.013,0.026,30.8,0.0,0.066,0.513,0.064,1.398,0.121,44,0,44,44,225.3,1.11,520,149,148,0,11,10,0,353,1.03,1.3,53,0.3,3.267,4.077,1.414,424,136.00,"1 cup, chopped",8.50,"1 tbsp",12
01130,"EGG,WHOLE,COOKED,OMELET",75.87,157,10.57,12.03,0.84,0.69,0.0,0.65,46,1.55,10,161,113,161,0.93,0.088,0.032,26.7,0.0,0.058,0.404,0.060,1.210,0.121,39,0,39,39,211.7,1.09,572,155,152,0,36,8,0,279,1.22,1.0,42,4.5,3.296,4.971,2.252,356,15.20,"1 tbsp",61.00,"1 large",0
01131,"EGG,WHL,CKD,POACHED",75.54,142,12.52,9.90,1.26,0.78,0.0,0.77,53,1.83,12,190,133,294,1.10,0.102,0.039,31.6,0.0,0.055,0.405,0.059,1.433,0.121,35,0,35,35,200.1,1.28,485,139,138,0,10,9,0,330,0.96,1.2,50,0.3,3.087,3.795,1.359,422,50.00,"1 large",,"",0
01132,"EGG,WHL,CKD,SCRMBLD",73.15,167,11.09,12.21,1.36,2.20,0.0,1.73,71,1.20,12,170,138,280,1.00,0.014,0.022,22.5,0.2,0.052,0.437,0.079,1.007,0.118,30,0,30,30,189.5,0.77,539,146,143,0,33,7,0,245,1.09,1.2,48,4.0,3.679,4.768,2.148,352,220.00,"1 cup",13.70,"1 tbsp",0
01133,"EGG,WHOLE,DRIED",3.10,594,47.35,40.95,3.65,4.95,0.0,3.08,231,6.79,42,831,493,523,5.28,0.196,0.125,119.6,0.0,0.195,1.540,0.305,5.905,0.388,171,0,171,171,1007.2,3.95,997,275,270,0,41,36,0,1329,3.88,4.9,196,1.2,12.727,15.337,5.804,1715,85.00,"1 cup,  sifted",5.00,"1 tbsp",0
01134,"EGG,WHL,DRIED,STABILIZED,GLUCOSE RED",1.87,615,48.17,43.95,3.63,2.38,0.0,,222,8.28,49,715,515,548,5.71,0.270,0.150,121.1,0.0,0.325,1.232,0.259,6.710,0.420,193,0,193,193,,10.51,2050,616,616,,,,,,,,,,13.198,17.564,5.713,2017,85.00,"1 cup,  sifted",5.00,"1 tbsp",0
02001,"ALLSPICE,GROUND",8.46,263,6.09,8.69,4.65,72.12,21.6,,661,7.06,135,113,1044,77,1.01,0.553,2.943,2.7,39.2,0.101,0.063,2.860,,0.210,36,0,36,36,,0.00,540,27,0,,,,,,,0.0,0,,2.550,0.660,2.360,0,6.00,"1 tbsp",1.90,"1 tsp",0
02002,"ANISE SEED",9.54,337,17.60,15.90,6.95,50.02,14.6,,646,36.96,170,440,1441,16,5.30,0.910,2.300,5.0,21.0,0.340,0.290,3.060,0.797,0.650,10,0,10,10,,0.00,311,16,0,,,,,,,0.0,0,,0.586,9.780,3.150,0,6.70,"1 tbsp, whole",2.10,"1 tsp, whole",0
02003,"SPICES,BASIL,DRIED",6.43,251,14.37,3.98,14.27,60.96,40.5,1.71,2113,42.00,422,490,3433,34,5.82,1.367,3.167,2.8,61.2,0.148,0.316,6.948,,2.320,274,0,274,274,54.9,0.00,9375,469,0,0,5584,81,393,1150,7.48,0.0,0,1714.5,0.240,0.453,2.168,0,0.70,"1 tsp, leaves",2.10,"1 tbsp, leaves",0
02004,"SPICES,BAY LEAF",5.44,313,7.61,8.36,3.62,74.97,26.3,,834,43.00,120,113,529,23,3.70,0.416,8.167,2.8,46.5,0.009,0.421,2.005,,1.740,180,0,180,180,,0.00,6185,309,0,,,,,,,0.0,0,,2.280,1.640,2.290,0,1.80,"1 tbsp, crumbled",0.60,"1 tsp, crumbled",0
02005,"CARAWAY SEED",9.87,333,19.77,14.59,5.87,49.90,38.0,0.64,689,16.23,258,568,1351,17,5.50,0.910,1.300,12.1,21.0,0.383,0.379,3.606,,0.360,10,0,10,10,24.7,0.00,363,18,0,0,189,58,6,205,2.50,0.0,0,0.0,0.620,7.125,3.272,0,6.70,"1 tbsp",2.10,"1 tsp",0
02006,"SPICES,CARDAMOM",8.28,311,10.76,6.70,5.78,68.47,28.0,,383,13.97,229,178,1119,18,7.47,0.383,28.000,,21.0,0.198,0.182,1.102,,0.230,,,,,,0.00,0,0,0,,,,,,,0.0,0,,0.680,0.870,0.430,0,5.80,"1 tbsp, ground",2.00,"1 tsp, ground",0
02007,"CELERY SEED",6.04,392,18.07,25.27,9.27,41.35,11.8,0.67,1767,44.90,440,547,1400,160,6.93,1.370,7.567,12.1,17.1,0.340,0.290,3.060,,0.890,10,0,10,10,24.7,0.00,52,3,0,0,31,0,0,0,1.07,0.0,0,0.0,2.190,15.930,3.720,0,6.50,"1 tbsp",2.00,"1 tsp",0
02008,"CHERVIL,DRIED",7.20,237,23.20,3.90,16.60,49.10,11.3,,1346,31.95,130,450,4740,83,8.80,0.440,2.100,29.3,50.0,0.380,0.680,5.400,,0.930,274,0,274,274,,0.00,5850,293,0,,,,,,,0.0,0,,0.169,1.399,1.800,0,1.90,"1 tbsp",0.60,"1 tsp",0
02009,"CHILI POWDER",7.79,314,12.26,16.76,8.53,54.66,34.2,7.19,278,14.25,170,303,1916,1010,2.70,0.429,2.165,6.0,64.1,0.349,0.794,7.893,,3.670,100,0,100,100,66.5,0.00,29650,1483,0,2090,15000,3490,21,310,29.05,0.0,0,105.7,2.953,3.574,7.458,0,7.50,"1 tbsp",2.60,"1 tsp",0
02010,"CINNAMON,GROUND",10.58,247,3.99,1.24,3.60,80.59,53.1,2.17,1002,8.32,60,64,431,10,1.83,0.339,17.466,3.1,3.8,0.022,0.041,1.332,0.358,0.158,6,0,6,6,11.0,0.00,295,15,0,1,112,129,15,222,2.32,0.0,0,31.2,0.345,0.246,0.068,0,7.85,"1 tbsp",2.61,"1 tsp",0
02011,"CLOVES,GROUND",6.86,323,5.98,20.07,5.88,61.21,34.2,2.38,646,8.68,264,105,1102,243,1.09,0.347,30.033,5.9,80.8,0.115,0.267,1.458,,0.590,93,0,93,93,37.4,0.00,530,27,0,0,84,468,0,0,8.52,0.0,0,141.8,5.438,1.471,7.088,0,6.60,"1 tbsp",2.10,"1 tsp",0
02012,"CORIANDER LEAF,DRIED",7.30,279,21.93,4.78,14.08,52.10,10.4,7.27,1246,42.46,694,481,4466,211,4.72,1.786,6.355,29.3,566.7,1.252,1.500,10.707,,0.610,274,0,274,274,97.1,0.00,5850,293,0,31,3407,175,0,2428,1.03,0.0,0,1359.5,0.115,2.232,0.328,0,1.80,"1 tbsp",0.60,"1 tsp",0
02013,"CORIANDER SEED",8.86,298,12.37,17.77,6.02,54.99,41.9,,709,16.32,330,409,1267,35,4.70,0.975,1.900,26.2,21.0,0.239,0.290,2.130,,,0,0,0,0,,0.00,0,0,0,,,,,,,0.0,0,,0.990,13.580,1.750,0,5.00,"1 tbsp",1.80,"1 tsp",0
02014,"CUMIN SEED",8.06,375,17.81,22.27,7.62,44.24,10.5,2.25,931,66.36,366,499,1788,168,4.80,0.867,3.333,5.2,7.7,0.628,0.327,4.579,,0.435,10,0,10,10,24.7,0.00,1270,64,0,0,762,0,0,448,3.33,0.0,0,5.4,1.535,14.040,3.279,0,6.00,"1 tbsp, whole",2.10,"1 tsp, whole",0
02015,"CURRY POWDER",9.52,325,12.66,13.81,5.57,58.15,33.2,2.76,478,29.59,254,349,1543,52,4.05,0.815,4.289,17.1,11.4,0.253,0.281,3.467,,1.150,154,0,154,154,64.2,0.00,986,49,0,0,592,0,0,0,21.99,0.0,0,99.8,2.237,5.551,2.557,0,6.30,"1 tbsp",2.00,"1 tsp",0
02016,"DILL SEED",7.70,305,15.98,14.54,6.62,55.17,21.1,,1516,16.33,256,277,1186,20,5.20,0.780,1.833,12.1,21.0,0.418,0.284,2.807,,0.250,10,0,10,10,,0.00,53,3,0,,,,,,,0.0,0,,0.730,9.410,1.010,0,6.60,"1 tbsp",2.10,"1 tsp",0
02017,"DILL WEED,DRIED",7.30,253,19.96,4.36,12.56,55.82,13.6,,1784,48.78,451,543,3308,208,3.30,0.490,3.950,,50.0,0.418,0.284,2.807,,1.710,,,,,,0.00,5850,293,0,,,,,,,0.0,0,,0.234,,,0,3.10,"1 tbsp",1.00,"1 tsp",0
04034,"OIL,SOYBN,SALAD OR COOKING,(PARTIALLY HYDROGENATED)",0.00,884,0.00,100.00,0.00,0.00,0.0,0.00,0,0.00,0,0,0,0,0.00,0.000,,0.0,0.0,0.000,0.000,0.000,0.000,0.000,0,0,0,0,0.2,0.00,0,0,0,0,0,0,0,0,8.10,0.0,0,24.7,14.900,43.000,37.600,0,218.00,"1 cup",13.60,"1 tbsp",0
04037,"OIL,RICE BRAN",0.00,884,0.00,100.00,0.00,0.00,0.0,0.00,0,0.07,0,0,0,0,0.00,,,0.0,0.0,0.000,0.000,0.000,0.000,0.000,0,0,0,0,,0.00,0,0,0,0,0,0,0,0,32.30,,,24.7,19.700,39.300,35.000,0,13.60,"1 tablespoon",218.00,"1 cup",0
04038,"OIL,WHEAT GERM",0.00,884,0.00,100.00,0.00,0.00,0.0,0.00,0,0.00,0,0,0,0,0.00,0.000,,0.0,0.0,0.000,0.000,0.000,0.000,0.000,0,0,0,0,20.0,0.00,0,0,0,0,0,0,0,0,149.40,0.0,0,24.7,18.800,15.100,61.700,0,13.60,"1 tablespoon",218.00,"1 cup",0
04042,"OIL,PNUT,SALAD OR COOKING",0.00,884,0.00,100.00,0.00,0.00,0.0,0.00,0,0.03,0,0,0,0,0.01,0.000,,0.0,0.0,0.000,0.000,0.000,0.000,0.000,0,0,0,0,0.1,0.00,0,0,0,0,0,0,0,0,15.69,0.0,0,0.7,16.900,46.200,32.000,0,216.00,"1 cup",13.50,"1 tbsp",0
04044,"OIL,SOYBN,SALAD OR COOKING",0.00,884,0.00,100.00,0.00,0.00,0.0,0.00,0,0.05,0,0,0,0,0.01,0.000,0.000,0.0,0.0,0.000,0.000,0.000,0.000,0.000,0,0,0,0,0.2,0.00,0,0,0,0,0,0,0,0,8.18,0.0,0,183.9,15.650,22.783,57.740,0,218.00,"1 cup",13.60,"1 tbsp",0
04047,"OIL,COCNT",0.00,862,0.00,100.00,0.00,0.00,0.0,0.00,0,0.04,0,0,0,0,0.00,0.000,0.000,0.0,0.0,0.000,0.000,0.000,0.000,0.000,0,0,0,0,0.3,0.00,0,0,0,0,0,0,0,0,0.09,0.0,0,0.5,86.500,5.800,1.800,0,13.60,"1 tbsp",218.00,"1 cup",0
04053,"OIL,OLIVE,SALAD OR COOKING",0.00,884,0.00,100.00,0.00,0.00,0.0,0.00,1,0.56,0,0,1,2,0.00,0.000,0.000,0.0,0.0,0.000,0.000,0.000,0.000,0.000,0,0,0,0,0.3,0.00,0,0,0,0,0,0,0,0,14.35,0.0,0,60.2,13.808,72.961,10.523,0,13.50,"1 tablespoon",216.00,"1 cup",0
05163,"TURKEY,ALL CLASSES,MEAT&SKN&GIBLETS&NECK,RAW",70.61,157,20.37,7.77,0.90,0.08,0.0,,15,1.69,22,180,269,67,2.31,0.114,0.026,23.3,0.2,0.065,0.203,4.148,0.953,0.410,23,0,23,23,,1.62,341,102,102,,,,,,,,,,2.200,2.760,1.930,78,5554.00,"1 turkey",,"",21
05164,"TURKEY,ALL CLASSES,MEAT&SKN&GIBLETS&NECK,CKD,RSTD",62.00,205,27.98,9.45,0.98,0.07,0.0,,26,2.01,24,200,272,67,3.15,0.107,0.027,31.9,0.1,0.056,0.206,4.939,0.955,0.400,20,0,20,20,,1.28,230,69,69,,,,,,,,,,2.770,3.050,2.420,95,260.00,"1 unit,  (yield from 1 lb ready-to-cook turkey)",4023.00,"1 turkey",21
05165,"TURKEY,ALL CLASSES,MEAT&SKN,RAW",70.40,160,20.42,8.02,0.88,0.00,0.0,0.00,15,1.43,22,178,266,65,2.20,0.103,0.020,24.4,0.0,0.064,0.155,4.085,0.807,0.410,8,0,8,8,68.0,0.40,6,2,2,0,0,0,0,0,0.35,0.1,5,3.1,2.260,2.900,1.980,68,332.00,"1 unit,  (yield from 1 lb ready-to-cook turkey)",2565.00,".5 turkey, bone removed",21
05166,"TURKEY,ALL CLASSES,MEAT&SKN,CKD,RSTD",61.70,208,28.10,9.73,1.00,0.00,0.0,0.00,26,1.79,25,203,280,68,2.96,0.093,0.021,32.9,0.0,0.057,0.177,5.086,0.858,0.410,7,0,7,7,69.8,0.35,0,0,0,0,0,0,0,0,0.34,0.0,1,0.9,2.840,3.190,2.480,82,140.00,"1 cup, chopped or diced",240.00,"1 unit,  (yield from 1 lb ready-to-cook turkey)",21
05177,"TURKEY,LIVER,ALL CLASSES,RAW",62.29,228,17.84,16.36,1.25,2.26,0.0,0.00,5,12.00,15,279,255,71,2.26,0.407,0.195,70.8,24.5,0.153,2.590,13.500,6.280,1.470,677,0,677,677,221.8,49.40,72382,21702,21700,0,29,0,0,0,0.12,,,0.8,5.507,7.397,1.650,331,100.47,"1 liver",,"",0
05178,"TURKEY,LIVER,ALL CLASSES,CKD,SIMMRD",56.95,273,20.02,20.54,1.29,1.21,0.0,0.00,5,10.70,17,294,211,56,2.62,0.349,0.273,82.5,22.6,0.038,2.760,10.200,4.350,1.040,691,0,691,691,220.2,58.20,75333,22600,22600,0,0,0,0,0,0.11,,,1.2,6.947,9.108,2.022,388,83.12,"1 liver",,"",0
05179,"TURKEY,ALL CLASSES,NECK,MEAT ONLY,RAW",72.88,135,20.14,5.42,1.05,0.00,0.0,,34,2.00,19,186,302,93,5.08,0.143,0.026,28.6,0.0,0.089,0.234,3.169,1.055,0.370,11,0,11,11,,0.41,0,0,0,,,,,,,,,,1.820,1.230,1.630,79,12.00,"1 unit,  (yield from 1 lb ready-to-cook turkey)",180.00,"1 neck, bone and skin removed",42
05180,"TURKEY,ALL CLASSES,NECK,MEAT ONLY,CKD,SIMMRD",65.19,180,26.84,7.26,0.61,0.10,0.0,0.00,37,2.30,15,122,149,56,7.12,0.154,0.022,36.2,0.0,0.036,0.192,1.704,0.701,0.210,8,0,8,8,75.4,0.23,0,0,0,0,0,0,0,0,0.64,0.2,8,3.7,2.194,1.740,2.310,122,10.00,"1 unit,  (yield from 1 lb ready-to-cook turkey)",152.00,"1 neck, bone and skin removed",41
05181,"TURKEY,ALL CLASSES,LT MEAT,MEAT&SKN,RAW",69.83,159,21.64,7.36,0.90,0.00,0.0,,13,1.21,24,184,271,59,1.57,0.075,0.018,22.4,0.0,0.056,0.115,5.137,0.615,0.480,7,0,7,7,,0.42,6,2,2,,,,,,,,,,2.000,2.810,1.730,65,180.00,"1 unit,  (yield from 1 lb ready-to-cook turkey)",1388.00,".5 turkey, bone removed",15
05182,"TURKEY,ALL CLASSES,LT MEAT,MEAT&SKN,CKD,RSTD",62.83,197,28.57,8.33,1.02,0.00,0.0,0.00,21,1.41,26,208,285,63,2.04,0.048,0.020,29.1,0.0,0.056,0.132,6.289,0.626,0.470,6,0,6,6,70.5,0.35,0,0,0,0,0,0,0,0,0.13,0.1,5,0.0,2.340,2.840,2.010,76,140.00,"1 cup, chopped or diced",136.00,"1 unit,  (yield from 1 lb ready-to-cook turkey)",14
05183,"TURKEY,ALL CLASSES,DK MEAT,MEAT&SKN,RAW",71.13,160,18.92,8.80,0.86,0.00,0.0,,17,1.69,20,170,261,71,2.95,0.137,0.021,26.4,0.0,0.073,0.202,2.855,1.033,0.320,10,0,10,10,,0.38,5,2,2,,,,,,,,,,2.580,3.000,2.280,72,152.00,"1 unit,  (yield from 1 lb ready-to-cook turkey)",1176.00,".5 turkey, bone removed",26
05184,"TURKEY,ALL CLASSES,DK MEAT,MEAT&SKN,CKD,RSTD",60.23,221,27.49,11.54,0.97,0.00,0.0,0.00,33,2.27,23,196,274,76,4.16,0.150,0.023,37.8,0.0,0.058,0.235,3.530,1.160,0.320,9,0,9,9,71.9,0.36,0,0,0,0,0,0,0,0,0.61,0.1,4,4.2,3.490,3.650,3.090,89,140.00,"1 cup, chopped or diced",104.00,"1 unit,  (yield from 1 lb ready-to-cook turkey)",27
05185,"TURKEY,ALL CLASSES,LT MEAT,RAW",73.82,115,23.56,1.56,1.00,0.00,0.0,,12,1.19,27,204,305,63,1.62,0.075,0.019,24.4,0.0,0.064,0.122,5.844,0.688,0.560,8,0,8,8,,0.45,0,0,0,,,,,,,,,,0.500,0.270,0.420,60,150.00,"1 unit,  (yield from 1 lb ready-to-cook turkey)",1156.00,".5 turkey, bone and skin removed",29
05186,"TURKEY,ALL CLASSES,LT MEAT,CKD,RSTD",66.27,157,29.90,3.22,1.08,0.00,0.0,0.00,19,1.35,28,219,305,64,2.04,0.042,0.020,32.1,0.0,0.061,0.129,6.838,0.677,0.540,6,0,6,6,83.4,0.37,0,0,0,0,0,0,0,0,0.09,0.2,8,0.0,1.030,0.560,0.860,69,140.00,"1 cup, chopped or diced",117.00,"1 unit,  (yield from 1 lb ready-to-cook turkey)",26
05187,"TURKEY,ALL CLASSES,DK MEAT,RAW",74.48,125,20.07,4.38,0.93,0.00,0.0,,17,1.75,22,184,286,77,3.22,0.147,0.022,28.6,0.0,0.081,0.221,3.075,1.155,0.360,11,0,11,11,,0.40,0,0,0,,,,,,,,,,1.470,0.990,1.310,69,132.00,"1 unit,  (yield from 1 lb ready-to-cook turkey)",1017.00,".5 turkey, bone and skin removed",36
05206,"TURKEY,FRYER-ROASTERS,LT MEAT,MEAT&SKN,CKD,RSTD",66.54,164,28.77,4.58,1.04,0.00,0.0,,18,1.61,26,205,262,57,2.08,0.092,0.024,29.9,0.0,0.038,0.139,6.275,0.648,0.490,6,0,6,6,,0.36,0,0,0,,,,,,,,,,1.250,1.700,1.090,95,123.00,"1 unit,  (yield from 1 lb ready-to-cook turkey)",433.00,".5 turkey, bone removed",19
05207,"TURKEY,FRYER-ROASTERS,DK MEAT,MEAT&SKN,RAW",74.56,129,20.06,4.79,0.84,0.00,0.0,,14,1.62,20,163,232,66,2.55,0.160,0.023,27.3,0.0,0.046,0.189,2.838,1.090,0.340,10,0,10,10,,0.40,3,1,1,,,,,,,,,,1.430,1.550,1.270,87,151.00,"1 unit,  (yield from 1 lb ready-to-cook turkey)",532.00,".5 turkey, bone removed",30
05208,"TURKEY,FRYER-ROASTERS,DK MEAT,MEAT&SKN,CKD,RSTD",64.82,182,27.69,7.06,0.94,0.00,0.0,,27,2.33,23,190,237,76,3.83,0.209,0.024,39.0,0.0,0.048,0.235,3.350,1.199,0.330,9,0,9,9,,0.37,0,0,0,,,,,,,,,,2.120,2.270,1.880,117,106.00,"1 unit,  (yield from 1 lb ready-to-cook turkey)",374.00,".5 turkey, bone removed",31
05209,"TURKEY,FRYER-ROASTERS,LT MEAT,MEAT ONLY,RAW",74.61,108,24.18,0.49,0.98,0.00,0.0,,10,1.22,26,196,276,52,1.39,0.118,0.020,24.4,0.0,0.039,0.119,5.751,0.705,0.570,8,0,8,8,,0.46,0,0,0,,,,,,,,,,0.160,0.090,0.130,66,136.00,"1 unit,  (yield from 1 lb ready-to-cook turkey)",481.00,".5 turkey, bone and skin removed",31
05210,"TURKEY,FRYER-ROASTERS,LT MEAT,MEAT ONLY,CKD,RSTD",68.56,140,30.19,1.18,1.09,0.00,0.0,,15,1.57,28,216,277,56,2.08,0.086,0.025,32.1,0.0,0.041,0.136,6.936,0.715,0.570,6,0,6,6,,0.39,0,0,0,,,,,,,,,,0.380,0.210,0.310,86,140.00,"1 cup, chopped or diced",104.00,"1 unit,  (yield from 1 lb ready-to-cook turkey)",31
05211,"TURKEY,FRYER-ROASTERS,DK MEAT,MEAT ONLY,RAW",76.22,111,20.46,2.67,0.88,0.00,0.0,,13,1.66,22,171,244,69,2.66,0.162,0.024,28.6,0.0,0.049,0.200,2.957,1.173,0.370,11,0,11,11,,0.41,0,0,0,,,,,,,,,,0.900,0.610,0.800,81,136.00,"1 unit,  (yield from 1 lb ready-to-cook turkey)",479.00,".5 turkey, bone and skin removed",37
05621,"EMU,GROUND,RAW",72.87,134,22.77,4.03,1.00,0.00,0.0,0.00,7,4.02,24,222,320,56,3.48,0.199,0.027,30.5,0.0,0.270,0.457,7.485,2.740,0.642,13,0,13,13,,6.75,0,0,0,0,0,0,0,0,0.24,,,,1.022,1.607,0.557,69,116.99,"1 patty",,"",0
05622,"EMU,GROUND,CKD,PAN-BROILED",65.83,163,28.43,4.65,1.17,0.00,0.0,0.00,8,5.01,29,269,375,65,4.56,0.238,0.030,43.5,0.0,0.318,0.545,8.925,3.080,0.833,9,0,9,9,,8.52,0,0,0,0,0,0,0,0,0.24,,,3.6,1.242,1.953,0.677,87,109.44,"1 patty,  (yield from 135.8 g raw meat)",85.00,"1 serving,  ( 3 oz )",0
05623,"EMU,FAN FILLET,RAW",74.62,103,22.50,0.80,1.10,0.00,0.0,0.00,3,4.50,42,236,300,120,3.50,0.211,0.029,32.5,0.0,0.267,0.451,7.397,2.708,0.634,13,0,13,13,,6.67,0,0,0,0,0,0,0,0,0.22,,,,0.201,0.319,0.109,71,513.02,"1 fan fillet",85.00,"1 serving,  ( 3 oz )",0
05624,"EMU,FAN FILLET,CKD,BRLD",66.43,154,31.27,2.30,1.30,0.00,0.0,0.00,6,4.56,30,272,397,53,3.19,0.232,0.026,46.1,0.0,0.350,0.599,9.814,3.387,0.916,9,0,9,9,,9.37,0,0,0,0,0,0,0,0,0.23,,,,0.583,0.917,0.318,82,393.67,"1 steak",85.00,"1 serving,  ( 3 oz )",0
05625,"EMU,FLAT FILLET,RAW",75.40,102,22.25,0.74,0.93,0.00,0.0,0.00,3,5.00,31,229,240,150,3.00,0.205,0.028,31.5,0.0,0.245,0.414,6.786,2.484,0.582,12,0,12,12,,6.12,0,0,0,0,0,0,0,0,0.22,,,,0.187,0.295,0.102,71,354.12,"1 flat fillet",,"",0
05626,"EMU,FULL RUMP,RAW",73.79,112,22.83,1.64,1.14,0.00,0.0,0.00,4,4.96,40,236,330,90,3.59,0.211,0.029,32.5,0.0,0.360,0.458,7.504,2.747,0.643,13,0,13,13,,2.24,15,4,4,0,0,0,0,0,0.23,,,,0.448,0.516,0.329,85,694.62,"1 full rump",,"",0
05627,"EMU,FULL RUMP,CKD,BRLD",61.97,168,33.67,2.68,1.35,0.00,0.0,0.00,7,6.89,34,323,324,110,4.32,0.285,0.036,52.1,0.0,0.430,0.645,10.569,3.647,0.987,10,0,10,10,,2.20,11,3,3,0,0,0,0,0,0.26,,,,0.870,1.079,0.613,129,495.96,"1 full rump, cooked ( yield from 695 g raw meat )",85.00,"1 serving,  ( 3 oz )",0
09021,"APRICOTS,RAW",86.35,48,1.40,0.39,0.75,11.12,2.0,9.24,13,0.39,10,23,259,1,0.20,0.078,0.077,0.1,10.0,0.030,0.040,0.600,0.240,0.054,9,0,9,9,2.8,0.00,1926,96,0,19,1094,104,0,89,0.89,0.0,0,3.3,0.027,0.170,0.077,0,155.00,"1 cup,  halves",165.00,"1 cup, sliced",7
09022,"APRICOTS,CND,H2O PK,W/SKN,SOL&LIQUIDS",92.36,27,0.71,0.16,0.38,6.39,1.6,4.79,8,0.32,7,13,192,3,0.11,0.082,0.053,0.1,3.4,0.021,0.023,0.395,0.092,0.054,2,0,2,2,1.8,0.00,1959,98,0,0,1170,11,0,26,0.60,0.0,0,2.2,0.011,0.069,0.031,0,243.00,"1 cup,  halves",36.00,"1 apricot, half with liquid",0
09023,"APRICOTS,CND,H2O PK,WO/SKN,SOL&LIQUIDS",93.43,22,0.69,0.03,0.38,5.48,1.1,,8,0.54,9,16,154,11,0.11,0.068,0.053,,1.8,0.020,0.024,0.437,0.092,0.054,2,0,2,2,,0.00,1810,91,0,,,,,,,0.0,0,,0.002,0.013,0.006,0,227.00,"1 cup, whole, without pits",,"",6
09024,"APRICOTS,CND,JUC PK,W/SKN,SOL&LIQUIDS",86.62,48,0.63,0.04,0.37,12.34,1.6,10.74,12,0.30,10,20,165,4,0.11,0.054,0.052,0.1,4.9,0.018,0.019,0.344,0.092,0.054,2,0,2,2,1.8,0.00,1691,85,0,0,1010,10,0,26,0.60,0.0,0,2.2,0.003,0.017,0.007,0,244.00,"1 cup,  halves",36.00,"1 apricot, half with liquid",0
09025,"APRICOTS,CND,EX LT SYRUP PK,W/SKN,SOL&LIQUIDS",86.30,49,0.60,0.10,0.50,12.50,1.6,,10,0.30,6,12,140,2,0.08,0.040,0.052,,4.0,0.020,0.020,0.600,0.092,0.054,2,0,2,2,,0.00,1271,64,0,,,,,,,0.0,0,,0.007,0.043,0.020,0,247.00,"1 cup,  halves",,"",0
09026,"APRICOTS,CND,LT SYRUP PK,W/SKN,SOL&LIQUIDS",82.56,63,0.53,0.05,0.37,16.49,1.6,14.89,11,0.39,8,13,138,4,0.11,0.079,0.052,0.1,2.7,0.016,0.020,0.304,0.092,0.054,2,0,2,2,1.8,0.00,1322,66,0,0,789,7,0,26,0.60,0.0,0,2.2,0.003,0.021,0.010,0,253.00,"1 cup,  halves",40.00,"1 apricot, half with liquid",0
09027,"APRICOTS,CND,HVY SYRUP PK,W/SKN,SOL&LIQUIDS",77.56,83,0.53,0.08,0.37,21.47,1.6,19.87,9,0.30,7,12,140,4,0.11,0.078,0.051,0.1,3.1,0.020,0.022,0.376,0.092,0.054,2,0,2,2,1.8,0.00,1230,62,0,0,735,7,0,26,0.60,0.0,0,2.2,0.005,0.033,0.015,0,258.00,"1 cup,  halves",240.00,"1 cup, whole",0
09028,"APRICOTS,CND,HVY SYRUP PK,WO/SKN,SOL&LIQUIDS",77.66,83,0.51,0.09,0.29,21.45,1.6,,9,0.43,8,13,134,11,0.10,0.065,0.051,,2.8,0.019,0.023,0.416,0.092,0.054,2,0,2,2,,0.00,1240,62,0,,,,,,,0.0,0,,0.006,0.037,0.017,0,258.00,"1 cup, whole, without pits",,"",6
09029,"APRICOTS,CND,EX HVY SYRUP PK,WO/SKN,SOL&LIQUIDS",74.33,96,0.55,0.04,0.23,24.85,1.6,,8,0.62,8,15,126,13,0.10,0.064,0.050,,2.4,0.016,0.022,0.340,0.092,0.054,2,0,2,2,,0.00,1471,74,0,,,,,,,0.0,0,,0.003,0.017,0.008,0,246.00,"1 cup, whole, without pits",,"",6
09030,"APRICOTS,DEHYD (LOW-MOISTURE),SULFURED,UNCKD",7.50,320,4.90,0.62,4.09,82.89,,,61,6.31,63,157,1850,13,1.00,0.576,0.369,,9.5,0.043,0.148,3.580,1.067,0.520,4,0,4,4,,0.00,12669,633,0,,,,,,,0.0,0,,0.043,0.268,0.121,0,119.00,"1 cup",,"",0
09031,"APRICOTS,DEHYD (LOW-MOISTURE),SULFURED,STWD",63.60,126,1.93,0.24,1.61,32.62,,,24,2.48,25,62,728,5,0.39,0.227,0.145,,7.1,0.013,0.067,1.630,0.468,0.161,2,0,2,2,,0.00,4407,220,0,,,,,,,0.0,0,,0.017,0.105,0.047,0,249.00,"1 cup",,"",0
09032,"APRICOTS,DRIED,SULFURED,UNCKD",30.89,241,3.39,0.51,2.57,62.64,7.3,53.44,55,2.66,32,71,1162,10,0.39,0.343,0.235,2.2,1.0,0.015,0.074,2.589,0.516,0.143,10,0,10,10,13.9,0.00,3604,180,0,0,2163,0,0,0,4.33,0.0,0,3.1,0.017,0.074,0.074,0,130.00,"1 cup,  halves",3.50,"1 half",0
09033,"APRICOTS,DRIED,SULFURED,STWD,WO/ SUGAR",75.56,85,1.20,0.18,0.91,22.15,2.6,19.57,19,0.94,11,25,411,4,0.14,0.121,0.083,0.8,0.3,0.005,0.026,0.915,0.211,0.051,3,0,3,3,4.9,0.00,1275,64,0,0,765,0,0,0,1.53,0.0,0,1.1,0.006,0.026,0.026,0,250.00,"1 cup,  halves",,"",0
09034,"APRICOTS,DRIED,SULFURED,STWD,W/ SUGAR",68.45,113,1.17,0.15,0.98,29.26,4.1,,15,1.52,15,38,443,3,0.24,0.138,0.088,,1.4,0.005,0.027,0.853,0.191,0.103,0,0,0,0,,0.00,2139,107,0,,,,,,,0.0,0,,0.010,0.064,0.029,0,270.00,"1 cup,  halves",,"",0
09200,"ORANGES,RAW,ALL COMM VAR",86.75,47,0.94,0.12,0.44,11.75,2.4,9.35,40,0.10,10,14,181,0,0.07,0.045,0.025,0.5,53.2,0.087,0.040,0.282,0.250,0.060,30,0,30,30,8.4,0.00,225,11,0,11,71,116,0,129,0.18,0.0,0,0.0,0.015,0.023,0.025,0,180.00,"1 cup, sections",184.00,"1 large,  (3-1/16"" dia)",27
09201,"ORANGES,RAW,CALIFORNIA,VALENCIAS",86.34,49,1.04,0.30,0.42,11.89,2.5,,40,0.09,10,17,179,0,0.06,0.037,0.023,,48.5,0.087,0.040,0.274,0.250,0.063,39,0,39,39,,0.00,230,12,0,,,,,,,0.0,0,,0.035,0.055,0.060,0,180.00,"1 cup, sections without membranes",121.00,"1 fruit,  (2-5/8"" dia)",25
09202,"ORANGES,RAW,NAVELS",85.97,49,0.91,0.15,0.43,12.54,2.2,8.50,43,0.13,11,23,166,1,0.08,0.039,0.029,0.0,59.1,0.068,0.051,0.425,0.261,0.079,34,0,34,34,8.4,0.00,247,12,0,7,87,116,0,129,0.15,0.0,0,0.0,0.017,0.030,0.031,0,165.00,"1 cup, sections without membranes",140.00,"1 fruit,  (2-7/8"" dia)",32
09203,"ORANGES,RAW,FLORIDA",87.14,46,0.70,0.21,0.41,11.54,2.4,9.14,43,0.09,10,12,169,0,0.08,0.039,0.024,0.5,45.0,0.100,0.040,0.400,0.250,0.051,17,0,17,17,8.4,0.00,225,11,0,11,71,116,0,129,0.18,0.0,0,0.0,0.025,0.039,0.042,0,185.00,"1 cup, sections without membranes",141.00,"1 fruit,  (2-5/8"" dia)",26
09205,"ORANGES,RAW,WITH PEEL",82.30,63,1.30,0.30,0.60,15.50,4.5,,70,0.80,14,22,196,2,0.11,0.057,,0.7,71.0,0.100,0.050,0.500,0.330,0.093,30,0,30,30,,0.00,250,13,0,,,,,,,,,,0.035,0.055,0.060,0,170.00,"1 cup",159.00,"1 fruit, without seeds",1
09206,"ORANGE JUICE,RAW",88.30,45,0.70,0.20,0.40,10.40,0.2,8.40,11,0.20,11,17,200,1,0.05,0.044,0.014,0.1,50.0,0.090,0.030,0.400,0.190,0.040,30,0,30,30,6.2,0.00,200,10,0,6,33,169,0,115,0.04,0.0,0,0.1,0.024,0.036,0.040,0,248.00,"1 cup",31.00,"1 fl oz",0
09207,"ORANGE JUC,CND,UNSWTND",87.72,47,0.68,0.15,0.43,11.01,0.3,8.76,10,0.10,10,17,184,4,0.04,0.022,0.021,0.1,30.1,0.039,0.021,0.201,0.180,0.031,24,0,24,24,6.2,0.00,175,9,0,5,29,148,0,115,0.20,0.0,0,0.1,0.018,0.025,0.034,0,249.00,"1 cup",31.10,"1 fl oz",0
09209,"ORANGE JUC,CHILLED,INCL FROM CONC",87.22,49,0.68,0.12,0.43,11.54,0.3,8.31,11,0.13,11,17,178,2,0.07,0.042,0.023,0.1,33.6,0.046,0.039,0.280,0.195,0.076,19,0,19,19,6.2,0.00,42,2,0,8,8,27,0,27,0.20,0.0,0,0.0,0.014,0.022,0.030,0,249.00,"1 cup",31.10,"1 fl oz",0
09210,"ORANGE JUC,CHILLED,INCL FROM CONC,FORT W/ CA & VITAMIN D",87.22,47,0.68,0.12,0.71,11.27,0.3,8.31,201,0.13,11,47,178,2,0.07,0.042,0.023,0.1,33.6,0.046,0.039,0.280,0.195,0.076,19,0,19,19,6.2,0.00,42,2,0,8,8,27,0,27,0.20,1.4,55,0.0,0.014,0.022,0.030,0,249.00,"1 cup",31.10,"1 fl oz",0
09211,"ORANGE JUC,CHILLED,INCL FROM CONC,FORT W/ CA",87.22,47,0.68,0.12,0.71,11.27,0.3,8.31,201,0.13,11,47,178,2,0.07,0.042,0.023,0.1,33.6,0.046,0.039,0.280,0.195,0.076,19,0,19,19,6.2,0.00,42,2,0,8,8,27,0,27,0.20,0.0,0,0.0,0.014,0.022,0.030,0,249.00,"1 cup",31.10,"1 fl oz",0
09214,"ORANGE JUC,FRZ CONC,UNSWTND,UNDIL",57.85,159,2.39,0.21,1.38,38.17,0.8,37.37,32,0.35,34,57,674,3,0.18,0.155,0.048,0.4,137.9,0.280,0.064,0.716,0.560,0.156,155,0,155,155,20.0,0.00,379,19,0,10,62,321,0,407,0.71,0.0,0,0.4,0.024,0.038,0.041,0,284.00,"1 cup",35.50,"1 fl oz",0
11052,"BEANS,SNAP,GREEN,RAW",90.32,31,1.83,0.22,0.66,6.97,2.7,3.26,37,1.03,25,38,211,6,0.24,0.069,0.216,0.6,12.2,0.082,0.104,0.734,0.225,0.141,33,0,33,33,15.3,0.00,690,35,0,69,379,0,0,640,0.41,0.0,0,14.4,0.050,0.010,0.113,0,99.98,"1 cup, 1/2"" pieces",55.00,"10 beans,  (4"" long)",12
11053,"BEANS,SNAP,GRN,CKD,BLD,DRND,WO/SALT",89.22,35,1.89,0.28,0.73,7.88,3.2,1.55,44,0.65,18,29,146,1,0.25,0.057,0.285,0.2,9.7,0.074,0.097,0.614,0.074,0.056,33,0,33,33,16.9,0.00,700,35,0,0,420,0,0,709,0.45,0.0,0,16.0,0.062,0.012,0.145,0,125.00,"1 cup",,"",0
11054,"BEANS,SNAP,GRN VAR,CND,REG PK,SOL&LIQUIDS",94.68,15,0.80,0.10,0.92,3.50,1.5,,24,0.90,13,19,92,259,0.20,0.070,0.335,0.2,3.4,0.025,0.051,0.200,0.106,0.030,18,0,18,18,,0.00,321,16,0,,,,,,,0.0,0,,0.023,0.004,0.052,0,120.00,".5 cup",439.00,"1 can,  (303 x 406)",0
11056,"BEANS,SNAP,GRN,CND,REG PK,DRND SOL",93.29,23,1.18,0.11,1.00,4.41,2.3,0.78,28,0.87,13,20,111,262,0.28,0.039,0.204,0.4,4.3,0.015,0.060,0.202,0.038,0.029,32,0,32,32,14.7,0.00,353,18,0,156,122,24,0,441,0.03,0.0,0,38.9,0.025,0.004,0.056,0,153.40,"1 cup, solids",62.00,"10 beans",0
11058,"BEANS,SNAP,CND,ALL STYLES,SEASONED,SOL&LIQUIDS",94.30,16,0.83,0.20,1.18,3.49,1.5,,22,0.47,13,16,93,373,0.14,0.060,0.312,0.2,3.1,0.025,0.049,0.233,0.098,0.044,18,0,18,18,,0.00,525,26,0,,,,,,,0.0,0,,0.045,0.008,0.102,0,114.00,".5 cup",439.00,"1 can,  (303 x 406)",0
11060,"BEANS,SNAP,GRN,FRZ,ALL STYLES,UNPREP",89.93,39,1.79,0.21,0.53,7.54,2.6,2.21,42,0.85,22,32,186,3,0.26,0.049,0.369,0.6,12.9,0.098,0.091,0.496,0.104,0.044,15,0,15,15,,0.00,547,27,0,72,292,0,0,663,0.42,0.0,0,44.8,0.047,0.008,0.108,0,121.02,"1 cup",284.00,"1 package,  (10 oz)",0
11061,"BEANS,SNAP,GRN,FRZ,CKD,BLD,DRND WO/SALT",91.42,28,1.49,0.17,0.47,6.45,3.0,1.23,42,0.66,19,29,159,1,0.24,0.059,0.288,0.4,4.1,0.035,0.090,0.383,0.049,0.060,23,0,23,23,13.5,0.00,557,28,0,0,334,0,0,564,0.04,0.0,0,12.7,0.042,0.007,0.084,0,135.00,"1 cup",,"",0
11062,"BEANS,SNAP,GRN,FRZ,ALL STYLES,MICROWAVED",89.93,40,1.98,0.41,0.70,6.98,3.4,2.60,61,0.80,29,42,237,3,0.31,0.066,0.330,1.0,11.0,0.073,0.103,0.485,0.168,0.063,12,,12,,,,519,26,,68,277,0,0,629,0.42,,,57.7,0.047,0.008,0.108,,111.01,"1 cup",,"",0
11063,"BEANS,SNAP,GRN,MICROWAVED",90.04,39,2.31,0.50,0.74,6.41,3.4,3.22,55,0.83,28,49,323,3,0.38,0.090,0.332,,7.3,0.078,0.075,0.773,0.300,0.124,47,,47,,,,,,,,,,,,,,,,,,,,115.92,"1 cup, 1/2"" pieces",,"",0
11080,"BEETS,RAW",87.58,43,1.61,0.17,1.08,9.56,2.8,6.76,16,0.80,23,40,325,78,0.35,0.075,0.329,0.7,4.9,0.031,0.040,0.334,0.155,0.067,109,0,109,109,6.0,0.00,33,2,0,0,20,0,0,0,0.04,0.0,0,0.2,0.027,0.032,0.060,0,136.00,"1 cup",82.00,"1 beet,  (2"" dia)",33
11081,"BEETS,CKD,BLD,DRND",87.06,44,1.68,0.18,1.12,9.96,2.0,7.96,16,0.79,23,38,305,77,0.35,0.074,0.326,0.7,3.6,0.027,0.040,0.331,0.145,0.067,80,0,80,80,6.3,0.00,35,2,0,0,21,0,0,0,0.04,0.0,0,0.2,0.028,0.035,0.064,0,85.00,".5 cup, slices",100.00,"2 beets,  (2"" dia, sphere)",0
11082,"BEETS,CND,REG PK,SOL&LIQUIDS",91.30,30,0.73,0.09,0.74,7.14,1.2,6.53,18,0.73,18,15,159,143,0.34,0.043,0.411,0.1,2.8,0.010,0.038,0.151,0.150,0.055,29,0,29,29,7.2,0.00,23,1,0,0,14,0,0,0,0.03,0.0,0,0.2,0.013,0.016,0.030,0,246.00,"1 cup",,"",0
11084,"BEETS,CND,DRND SOL",90.96,31,0.91,0.14,0.78,7.21,1.8,5.51,15,1.82,17,17,148,194,0.21,0.059,0.287,0.5,4.1,0.010,0.040,0.157,0.156,0.057,30,0,30,30,7.5,0.00,24,1,0,0,15,0,0,0,0.03,0.0,0,0.2,0.022,0.027,0.049,0,157.00,"1 cup, diced",195.00,"1 cup, shredded",0
11282,"ONIONS,RAW",89.11,40,1.10,0.10,0.35,9.34,1.7,4.24,23,0.21,10,29,146,4,0.17,0.039,0.129,0.5,7.4,0.046,0.027,0.116,0.123,0.120,19,0,19,19,6.1,0.00,2,0,0,0,1,0,0,4,0.02,0.0,0,0.4,0.042,0.013,0.017,0,160.00,"1 cup, chopped",115.00,"1 cup, sliced",10
11283,"ONIONS,CKD,BLD,DRND,WO/SALT",87.86,44,1.36,0.19,0.44,10.15,1.4,4.73,22,0.24,11,35,166,3,0.21,0.067,0.153,0.6,5.2,0.042,0.023,0.165,0.113,0.129,15,0,15,15,6.8,0.00,2,0,0,0,1,0,0,4,0.02,0.0,0,0.5,0.031,0.027,0.073,0,210.00,"1 cup",15.00,"1 tbsp, chopped",0
11284,"ONIONS,DEHYDRATED FLAKES",3.93,349,8.95,0.46,3.38,83.28,9.2,37.41,257,1.55,92,303,1622,21,1.89,0.416,1.389,5.0,75.0,0.500,0.100,0.990,1.380,1.600,166,0,166,166,53.9,0.00,18,1,0,0,11,0,0,32,0.18,0.0,0,3.8,0.078,0.064,0.180,0,5.00,"1 tbsp",14.00,".25 cup",0
11285,"ONIONS,CND,SOL&LIQUIDS",94.10,19,0.85,0.09,0.94,4.02,1.2,2.20,45,0.13,6,28,111,371,0.29,0.055,0.102,0.3,4.3,0.032,0.006,0.061,0.097,0.137,10,0,10,10,,0.00,1,0,0,0,1,0,0,2,0.07,0.0,0,0.2,0.016,0.013,0.036,0,63.00,"1 onion",112.00,".5 cup, chopped or diced",0
11286,"ONIONS,YEL,SAUTEED",80.01,132,0.95,10.80,0.38,7.86,1.7,,20,0.27,9,33,133,12,0.21,0.017,0.102,,1.8,0.049,0.041,0.037,0.172,0.207,2,,2,,6.5,,,,,,,,,,0.68,0.0,0,21.6,,,,,86.93,"1 cup, chopped",,"",0
11287,"ONIONS,FRZ,CHOPD,UNPREP",91.99,29,0.79,0.10,0.30,6.81,1.8,,17,0.33,7,22,124,12,0.07,0.019,0.074,0.4,3.3,0.030,0.027,0.151,0.102,0.075,17,0,17,17,,0.00,35,2,0,,,,,,,0.0,0,,0.017,0.014,0.039,0,284.00,"1 package,  (10 oz)",,"",0
11288,"ONIONS,FRZ,CHOPD,CKD,BLD,DRND,WO/SALT",92.24,28,0.77,0.10,0.30,6.59,1.8,2.90,16,0.30,6,19,108,12,0.07,0.019,0.071,0.4,2.6,0.023,0.025,0.139,0.099,0.069,13,0,13,13,4.4,0.00,2,0,0,0,1,0,0,3,0.01,0.0,0,0.3,0.016,0.013,0.038,0,15.00,"1 tbsp, chopped",105.00,".5 cup, chopped or diced",0
11289,"ONIONS,FRZ,WHL,UNPREP",90.22,35,0.89,0.06,0.38,8.45,1.7,3.81,36,0.46,10,23,142,10,0.12,0.050,0.125,0.4,8.0,0.026,0.024,0.175,0.099,0.093,21,0,21,21,5.5,0.00,2,0,0,0,1,0,0,4,0.02,0.0,0,0.4,0.011,0.009,0.025,0,284.00,"1 package,  (10 oz)",,"",0
11290,"ONIONS,FRZ,WHL,CKD,BLD,DRND,WO/SALT",92.24,28,0.71,0.05,0.30,6.70,1.4,2.90,27,0.34,8,2,101,8,0.09,0.024,0.040,0.4,5.1,0.016,0.018,0.132,0.078,0.070,13,0,13,13,4.4,0.00,2,0,0,0,1,0,0,3,0.01,0.0,0,0.3,0.009,0.007,0.020,0,210.00,"1 cup",,"",0